1 30 01 -9 02 01 -9 -9 09 07
1 30 01 -9 04 02 -9 -9 09 07
2 30 01 01 01 01 01 08 09 07
2 30 01 03 01 01 01 09 09 07
3 30 01 01 01 01 01 08 09 05
3 30 01 03 01 01 01 09 09 07
4 30 01 01 01 01 01 08 09 07
4 30 01 01 02 01 01 09 09 07
5 30 01 01 01 01 01 08 09 05
5 30 01 03 02 01 01 09 09 05
6 30 01 01 01 01 01 09 09 07
6 30 01 01 02 01 01 09 09 07
7 30 01 01 01 01 01 07 09 05
7 30 01 01 02 01 01 09 09 07
8 30 01 01 01 01 01 07 09 05
8 30 01 01 02 01 01 07 09 07
9 30 01 01 01 01 01 09 09 07
9 30 01 03 02 01 01 10 09 07
10 30 01 01 01 01 01 07 09 07
10 30 01 01 01 01 02 08 09 07
11 32 01 01 01 01 01 06 09 07
11 32 01 01 02 01 01 09 09 07
12 32 01 01 01 01 01 09 09 07
12 32 01 01 02 01 01 09 09 07
13 32 01 01 01 01 01 09 09 07
13 32 01 01 02 01 01 09 09 07
14 32 01 01 01 01 01 06 09 07
14 32 01 01 02 01 01 06 09 07
15 32 01 01 01 01 01 09 07 05
15 32 01 03 02 01 01 09 09 07
16 32 01 01 01 01 01 09 09 07
16 32 01 01 01 01 01 09 09 07
17 32 01 01 01 01 01 09 05 07
17 32 01 03 01 01 01 10 09 07
18 32 01 01 01 01 01 07 09 07
18 32 01 01 02 01 01 09 09 07
19 32 01 01 01 01 01 09 09 07
19 32 01 03 01 01 01 09 09 07
20 29 01 01 01 01 01 09 09 05
20 29 01 03 01 01 01 09 09 07
21 29 01 01 01 01 01 08 09 05
21 29 01 01 01 01 02 09 09 15
22 29 01 01 01 01 01 07 07 07
22 29 01 01 02 01 01 09 09 07
23 29 01 -9 01 01 -9 -9 05 07
23 29 01 -9 01 02 -9 -9 09 07
24 29 01 01 01 01 01 07 09 07
24 29 01 01 05 01 01 07 09 07
25 29 01 01 01 01 01 09 09 07
25 29 01 01 01 01 01 09 09 07
26 29 01 01 01 01 01 07 09 05
26 29 01 01 02 01 01 09 09 05
27 29 01 01 01 01 01 09 09 05
27 29 01 01 02 01 01 09 09 07
28 29 01 01 01 01 01 09 07 07
28 29 01 03 05 01 01 09 09 07
29 19 01 01 01 01 01 08 09 05
29 19 01 01 02 01 02 09 09 07
30 19 01 01 01 01 01 09 09 05
30 19 01 01 02 01 01 09 09 07
31 19 01 01 01 01 02 09 09 05
31 19 01 01 01 01 02 09 09 05
32 19 01 01 01 01 01 06 09 07
32 19 01 03 01 01 02 09 09 07
33 19 01 01 01 01 02 08 09 05
33 19 01 01 01 01 02 09 09 07
34 19 01 01 01 01 02 08 09 07
34 19 01 01 01 01 02 08 09 07
35 19 01 03 01 01 02 09 09 05
35 19 01 03 02 01 02 10 09 07
36 20 01 01 01 01 02 07 09 05
36 20 01 03 01 01 02 07 09 07
37 20 01 01 01 01 02 06 09 05
37 20 01 01 01 01 02 09 09 07
38 20 01 01 01 01 02 07 09 07
38 20 01 03 01 01 02 09 09 07
39 20 01 01 01 01 01 06 09 07
39 20 01 03 01 01 02 08 09 07
40 20 01 01 01 01 02 08 09 07
40 20 01 01 01 01 02 09 09 07
41 20 01 01 01 01 01 09 09 07
41 20 01 03 01 01 01 10 09 07
42 20 01 01 01 01 01 09 09 07
42 20 01 03 02 01 01 09 09 07
43 20 01 01 01 01 01 06 09 07
43 20 01 01 02 01 02 09 09 07
44 20 01 01 01 01 01 09 09 05
44 20 01 01 02 01 01 09 09 05
45 20 01 01 01 01 01 07 09 05
45 20 01 01 02 01 01 09 09 08
46 18 01 03 01 01 02 08 07 07
46 18 01 03 01 01 02 08 10 07
47 18 01 03 01 01 02 09 09 07
47 18 01 03 01 01 02 09 09 07
48 18 01 03 01 01 02 07 09 05
48 18 01 03 01 01 02 08 09 07
49 18 01 03 01 01 01 07 09 05
49 18 02 03 01 01 02 09 09 05
50 18 01 03 01 01 01 07 09 06
50 18 01 03 01 01 01 08 09 07
51 18 01 03 01 01 02 07 07 05
51 18 01 03 01 01 02 07 09 07
52 18 01 03 01 01 01 07 07 05
52 18 02 03 03 01 01 07 09 07
53 18 01 01 01 01 02 08 09 05
53 18 01 03 01 01 02 08 09 07
54 18 01 03 01 01 01 08 09 04
54 18 01 03 03 01 02 09 09 07
55 18 01 01 01 01 02 08 09 06
55 18 01 03 01 01 02 08 09 07
56 17 01 03 01 01 -9 08 09 05
56 17 01 03 01 01 -9 09 09 06
57 17 01 01 01 01 02 07 07 05
57 17 01 01 02 01 02 09 09 05
58 17 01 01 01 01 02 08 09 05
58 17 01 03 01 01 02 08 09 07
59 17 01 01 01 01 02 07 09 05
59 17 01 01 01 01 02 07 09 05
60 17 01 01 01 01 02 09 09 07
60 17 01 03 01 01 02 09 09 07
61 17 01 01 03 01 02 08 09 05
61 17 01 03 03 01 02 08 09 05
62 17 01 03 01 01 01 07 09 07
62 17 02 03 01 01 02 08 09 07
63 17 01 01 01 01 02 08 07 07
63 17 02 03 01 01 02 08 09 07
64 17 01 01 01 01 01 08 09 07
64 17 01 03 01 01 02 09 09 07
65 17 01 01 01 01 02 08 09 05
65 17 01 03 01 01 02 08 09 07
66 31 01 03 01 01 02 07 09 05
66 31 01 03 03 01 02 09 10 07
67 31 01 03 01 01 02 09 09 05
67 31 01 03 01 01 02 09 10 07
68 31 01 03 03 01 02 08 07 07
68 31 01 03 03 01 02 09 09 08
69 31 01 03 01 01 -9 07 09 07
69 31 02 03 01 01 -9 10 09 07
70 31 01 03 03 01 02 07 07 05
70 31 01 03 05 01 02 08 09 07
71 31 01 03 01 01 02 08 07 05
71 31 01 03 01 01 02 09 07 07
72 31 01 03 01 01 02 07 07 05
72 31 02 03 01 01 02 09 09 07
73 31 01 03 01 01 02 07 09 05
73 31 01 03 01 01 02 09 09 07
74 31 01 03 01 01 02 07 07 05
74 31 01 03 01 01 02 07 09 07
75 31 01 01 01 01 02 07 09 07
75 31 01 03 01 01 02 07 09 07
76 7 01 01 01 01 02 08 09 05
76 7 01 03 03 01 02 09 09 07
77 7 01 01 02 01 02 07 09 04
77 7 01 03 05 01 02 08 09 07
78 7 01 01 01 01 02 07 07 05
78 7 01 03 01 01 02 08 09 07
79 7 01 01 01 01 02 08 07 05
79 7 01 03 01 01 02 11 09 07
80 7 01 01 01 01 02 08 09 04
80 7 02 03 01 01 02 08 09 07
81 7 01 03 01 01 02 07 09 05
81 7 02 03 01 01 02 08 09 07
82 7 01 03 01 01 02 08 09 05
82 7 01 03 01 02 02 09 09 07
83 7 01 03 01 01 02 08 09 05
83 7 01 03 01 01 02 09 09 07
84 7 01 03 03 01 02 08 07 05
84 7 01 03 03 01 02 08 09 07
85 39 01 03 01 01 02 07 05 05
85 39 01 03 01 02 02 07 05 07
86 39 01 03 01 02 02 06 05 05
86 39 01 03 01 02 02 08 05 07
87 39 01 03 01 01 02 08 05 07
87 39 02 03 01 02 02 09 05 07
88 39 01 03 01 01 01 07 05 06
88 39 01 03 01 02 02 08 05 07
89 39 01 03 01 01 02 07 05 05
89 39 02 03 01 02 02 07 05 05
90 39 02 03 01 02 02 06 05 07
90 39 02 03 01 02 02 07 05 07
91 39 01 01 01 01 02 09 05 05
91 39 01 03 01 02 02 09 05 07
92 39 01 01 01 01 02 08 05 07
92 39 01 03 01 02 02 08 05 08
93 39 01 03 01 02 02 07 05 07
93 39 01 03 01 02 02 07 05 07
94 8 01 03 01 02 01 08 05 06
94 8 01 03 01 02 01 08 05 07
95 8 01 03 01 02 02 07 05 05
95 8 01 03 01 02 02 09 07 06
96 8 01 03 01 02 02 09 05 05
96 8 02 03 01 02 02 09 05 05
97 8 01 03 01 01 02 09 05 05
97 8 01 03 01 01 02 09 05 07
98 8 01 01 01 02 02 02 05 04
98 8 01 03 01 02 02 09 05 08
99 8 01 03 01 02 02 07 05 05
99 8 02 03 01 02 02 07 05 05
100 8 01 01 01 01 02 08 05 05
100 8 01 04 01 01 02 08 05 06
101 8 02 03 01 02 01 07 05 07
101 8 02 03 01 02 02 08 05 08
102 8 01 01 01 01 02 06 05 05
102 8 01 01 01 01 02 07 05 05
103 8 01 03 01 01 01 07 05 07
103 8 01 03 01 02 01 08 05 07
104 10 01 01 01 01 -9 07 05 06
104 10 01 01 01 01 -9 07 05 06
105 10 01 01 01 01 02 07 05 05
105 10 01 03 01 01 02 13 05 05
106 10 01 03 01 01 02 08 05 07
106 10 01 03 01 02 02 08 05 07
107 10 01 01 01 02 -9 07 05 06
107 10 02 01 01 02 -9 08 05 06
108 10 01 03 01 02 02 07 05 05
108 10 01 03 03 02 02 08 05 07
109 10 01 01 01 01 02 08 05 06
109 10 01 03 01 01 02 08 05 08
110 10 01 01 01 01 -9 07 05 05
110 10 01 03 01 02 -9 07 07 06
111 10 01 03 01 02 01 08 05 05
111 10 01 03 01 02 02 08 05 07
112 10 01 01 01 02 02 07 05 05
112 10 01 01 01 02 02 07 05 07
113 10 01 01 01 01 02 05 05 05
113 10 01 03 01 01 02 07 05 06
114 3 01 01 01 01 01 08 05 05
114 3 01 03 01 01 02 10 05 05
115 3 01 01 01 02 02 07 05 05
115 3 02 03 01 02 02 07 05 07
116 3 01 01 01 02 02 07 05 05
116 3 01 03 01 02 02 08 05 08
117 3 01 03 01 02 01 08 05 04
117 3 01 03 01 02 02 08 05 06
118 3 01 03 01 02 01 08 05 05
118 3 02 03 01 02 02 08 05 07
119 3 01 01 01 02 02 08 05 07
119 3 01 03 01 02 02 08 05 07
120 3 01 01 01 01 02 06 05 05
120 3 02 03 01 01 02 07 05 05
121 3 01 03 01 01 01 01 05 07
121 3 01 03 01 01 02 07 05 08
122 3 01 01 01 01 02 07 05 05
122 3 02 03 01 01 02 07 05 06
123 3 01 03 01 01 02 08 05 05
123 3 01 03 01 02 02 08 05 05
124 9 01 03 01 01 02 07 05 05
124 9 01 03 01 02 02 09 05 07
125 9 01 01 01 01 02 08 05 04
125 9 01 03 01 02 02 09 05 06
126 9 01 03 01 01 02 07 05 06
126 9 01 03 01 02 02 08 05 07
127 9 01 03 01 01 -9 07 05 05
127 9 01 03 01 02 -9 08 05 06
128 9 01 01 01 02 02 08 05 05
128 9 01 03 01 02 02 08 05 08
129 9 01 01 01 01 02 08 05 05
129 9 01 03 01 02 02 08 05 06
130 9 01 01 01 01 02 07 05 06
130 9 01 03 01 02 02 09 05 08
131 9 01 01 01 02 02 07 05 07
131 9 02 03 01 02 02 08 05 07
132 9 01 03 01 02 02 08 05 05
132 9 01 04 01 02 02 10 05 08
133 9 01 01 01 01 02 07 05 05
133 9 01 01 01 02 02 08 05 07
134 33 01 03 01 01 02 07 05 07
134 33 02 03 01 01 02 07 05 08
135 33 01 03 01 01 01 06 05 05
135 33 02 03 01 01 02 09 05 06
136 33 01 03 01 01 02 07 05 05
136 33 01 03 01 02 02 09 05 07
137 33 01 03 01 02 02 07 05 06
137 33 02 03 01 02 02 08 05 06
138 33 01 01 01 01 02 08 05 06
138 33 01 03 01 02 02 08 05 07
139 33 01 03 01 01 02 07 05 05
139 33 02 03 01 02 02 08 05 07
140 33 01 03 01 01 02 08 05 05
140 33 01 03 01 02 02 08 05 05
141 33 01 01 01 02 01 08 05 05
141 33 01 01 01 02 02 08 05 05
142 33 01 03 01 01 -9 08 05 07
142 33 02 03 01 01 -9 09 05 07
143 33 01 01 01 02 -9 08 05 05
143 33 02 01 01 02 -9 08 05 05
144 13 01 03 01 01 02 08 05 06
144 13 01 03 01 02 02 08 05 06
145 13 01 01 01 01 01 07 05 07
145 13 02 03 01 01 02 10 05 07
146 13 01 01 01 02 02 07 05 05
146 13 01 01 04 02 02 08 05 07
147 13 01 01 01 02 01 07 05 06
147 13 01 04 04 02 01 08 05 07
148 13 01 01 01 01 02 07 05 05
148 13 02 01 01 01 02 08 05 07
149 13 01 01 01 02 01 07 05 05
149 13 02 01 01 02 02 07 05 06
150 13 02 01 01 02 02 08 05 05
150 13 02 04 01 02 02 08 05 08
151 13 01 03 01 01 02 07 05 05
151 13 02 04 01 02 02 10 05 05
152 13 01 01 01 02 01 08 05 05
152 13 01 03 01 02 02 08 05 06
153 13 01 03 01 02 02 07 05 05
153 13 01 03 01 02 02 09 05 06
154 16 01 01 01 02 02 07 05 05
154 16 01 04 01 02 02 07 05 05
155 16 01 03 01 01 01 07 05 05
155 16 02 03 01 02 02 07 05 05
156 16 01 03 01 02 02 07 05 05
156 16 02 03 01 02 02 08 05 07
157 16 01 03 01 02 01 07 05 05
157 16 01 04 01 02 02 08 05 06
158 16 01 01 01 01 02 07 05 05
158 16 01 03 01 02 02 09 05 05
159 16 01 03 01 01 01 08 05 05
159 16 02 04 01 01 02 08 05 07
160 16 01 03 01 01 01 08 05 05
160 16 01 03 01 02 02 09 05 07
161 16 01 01 01 01 01 07 05 07
161 16 02 03 01 02 02 07 05 07
162 16 01 01 01 01 02 07 05 05
162 16 02 03 01 02 02 08 05 08
163 16 02 01 01 02 02 08 05 05
163 16 02 01 01 02 02 09 05 07
164 24 02 03 01 02 02 07 05 05
164 24 02 03 01 02 02 07 05 07
165 24 02 01 01 02 01 09 05 05
165 24 02 03 01 02 02 09 05 07
166 24 01 01 01 02 01 08 05 05
166 24 02 03 01 02 02 08 05 05
167 24 01 03 01 02 02 07 05 05
167 24 02 03 01 02 02 07 05 07
168 24 01 03 01 02 01 08 05 05
168 24 02 03 01 02 02 08 05 07
169 24 02 01 01 02 01 08 05 05
169 24 02 01 01 02 02 09 05 05
170 24 02 03 01 02 02 07 05 05
170 24 02 03 01 02 02 07 05 08
171 24 01 03 01 02 02 07 05 05
171 24 02 03 01 02 02 07 05 05
172 24 02 03 01 02 02 07 05 05
172 24 02 03 01 02 02 08 05 07
173 14 02 01 01 01 02 07 05 05
173 14 02 03 01 01 02 09 05 05
174 14 01 02 01 01 02 03 03 18
174 14 01 02 02 01 02 04 03 18
175 14 01 03 01 02 02 05 05 05
175 14 01 03 01 02 02 09 05 08
176 14 01 01 01 02 02 07 05 06
176 14 01 03 01 02 02 08 05 06
177 14 01 01 01 02 01 08 05 05
177 14 01 03 01 02 01 08 05 05
178 14 02 02 02 01 02 04 03 18
178 14 02 02 02 01 02 04 03 18
179 14 01 03 01 02 02 07 05 05
179 14 02 03 01 02 02 08 05 08
180 14 01 03 01 02 02 07 05 05
180 14 02 03 01 02 02 08 05 07
181 14 01 03 01 02 02 05 05 05
181 14 01 03 01 02 02 05 05 07
182 14 01 03 01 02 01 07 05 05
182 14 01 03 01 02 02 07 05 05
183 25 01 03 01 02 01 07 05 07
183 25 02 03 01 02 02 07 05 07
184 25 01 01 01 02 01 07 05 07
184 25 01 03 01 02 02 07 05 07
185 25 01 01 01 02 01 06 05 07
185 25 01 03 01 02 01 06 05 07
186 25 01 01 01 02 01 06 05 07
186 25 01 03 01 02 02 08 05 07
187 25 02 01 01 02 01 07 05 07
187 25 02 03 01 02 01 07 05 07
188 15 01 03 01 02 01 07 05 05
188 15 01 03 01 02 01 08 05 07
189 15 01 01 01 02 01 07 05 06
189 15 01 03 01 02 01 09 05 07
190 15 01 03 01 02 01 07 05 06
190 15 02 03 04 02 01 07 05 06
191 15 01 03 01 02 01 07 05 07
191 15 02 03 04 02 02 08 05 07
192 15 01 03 01 02 01 07 05 06
192 15 02 03 01 02 02 09 05 07
193 15 01 03 01 02 01 08 05 05
193 15 01 03 01 02 01 08 05 06
194 15 01 03 01 02 01 08 05 05
194 15 01 04 01 02 01 08 05 07
195 15 01 03 01 02 01 07 05 07
195 15 01 04 01 02 02 09 05 07
196 15 01 01 01 02 02 08 05 05
196 15 02 03 01 02 02 08 05 05
197 15 01 01 01 02 01 07 05 06
197 15 02 03 01 02 02 07 05 06
198 23 02 03 01 02 01 08 05 05
198 23 02 05 01 02 02 08 05 05
199 23 02 03 01 02 02 06 05 05
199 23 02 05 01 02 02 07 05 07
200 23 02 03 01 02 01 08 05 05
200 23 02 04 01 02 02 08 05 06
201 23 01 03 01 02 01 07 05 05
201 23 02 03 01 02 02 08 05 05
202 23 02 03 01 02 01 07 05 05
202 23 02 03 01 02 02 07 05 05
203 23 01 03 01 02 01 08 05 05
203 23 02 03 01 02 02 08 05 07
204 23 02 03 01 02 01 08 05 05
204 23 02 03 01 02 02 08 05 05
205 36 01 02 02 01 02 04 03 18
205 36 02 02 02 01 02 04 03 18
206 36 02 02 01 01 02 03 03 19
206 36 02 02 01 01 02 03 03 19
207 36 02 02 01 01 02 04 03 18
207 36 02 02 01 01 02 04 03 18
208 36 02 01 01 01 01 08 05 05
208 36 02 01 01 01 02 08 05 07
209 36 01 01 01 01 -9 -9 09 18
209 36 02 01 01 02 -9 -9 09 18
210 36 02 02 02 01 02 04 03 18
210 36 02 02 02 01 02 04 03 19
211 36 02 02 01 01 02 03 03 18
211 36 02 02 02 01 02 04 03 18
212 36 01 01 01 02 02 07 05 05
212 36 02 01 01 02 02 08 05 05
213 36 02 02 02 01 02 03 03 18
213 36 02 02 02 01 02 03 03 18
214 36 02 02 02 01 02 03 03 18
214 36 02 02 02 01 02 04 03 18
215 36 01 01 01 01 01 08 05 05
215 36 02 04 01 02 02 08 05 05
216 28 01 03 01 01 02 07 05 06
216 28 02 04 01 01 02 07 05 06
217 28 01 03 01 02 02 07 05 05
217 28 01 03 01 02 02 07 05 06
218 28 01 03 01 01 02 07 05 06
218 28 01 03 01 01 02 07 05 06
219 28 02 02 01 01 02 04 03 18
219 28 02 02 01 01 02 04 03 18
220 28 01 03 01 01 02 07 05 05
220 28 02 03 01 02 02 08 05 06
221 28 01 03 01 01 02 07 05 06
221 28 02 03 01 01 02 07 05 06
222 28 02 03 01 02 02 07 05 05
222 28 02 03 01 02 02 08 05 06
223 28 01 03 01 01 02 07 05 06
223 28 01 03 01 01 02 08 05 07
224 28 01 03 01 01 02 07 05 06
224 28 01 03 01 01 02 07 05 06
225 28 01 03 01 01 02 09 05 05
225 28 02 03 01 01 02 09 05 06
226 12 01 01 01 01 02 03 03 18
226 12 01 02 02 01 02 04 03 18
227 12 01 01 01 02 02 08 05 05
227 12 02 04 01 02 02 08 05 06
228 12 02 02 02 01 02 03 03 18
228 12 02 02 02 01 02 05 03 18
229 12 02 01 01 01 01 08 05 05
229 12 02 01 01 02 01 08 05 05
230 12 02 01 01 01 01 07 05 05
230 12 02 04 01 01 02 08 05 05
231 12 02 01 01 02 01 07 05 05
231 12 02 01 01 02 01 08 05 05
232 12 02 04 01 01 01 08 05 05
232 12 02 04 01 02 02 08 05 06
233 12 01 01 01 02 01 08 05 05
233 12 02 03 01 02 02 08 05 05
234 12 01 01 01 01 02 08 05 05
234 12 01 03 01 02 02 08 05 05
235 12 01 04 01 02 01 08 05 05
235 12 02 04 01 02 02 08 05 05
236 27 02 02 01 01 02 05 03 18
236 27 02 02 01 01 02 05 03 19
237 27 01 -9 01 02 -9 -9 03 18
237 27 02 -9 01 02 -9 -9 03 18
238 27 02 02 01 01 -9 -9 02 18
238 27 02 02 02 02 -9 -9 02 18
239 27 02 02 01 01 02 04 03 18
239 27 02 02 02 01 02 04 03 18
240 27 02 02 01 01 02 05 03 17
240 27 02 02 02 01 02 05 03 18
241 27 02 02 01 01 02 05 03 17
241 27 02 02 02 01 02 05 03 17
242 27 01 02 01 01 -9 -9 03 17
242 27 02 02 01 02 -9 -9 03 18
243 27 02 02 01 01 02 04 03 17
243 27 02 02 02 01 02 04 03 17
244 27 02 02 01 01 02 05 03 18
244 27 02 02 02 01 02 05 03 18
245 27 02 03 01 01 02 06 08 10
245 27 02 03 01 01 02 06 08 10
246 27 02 02 01 01 02 04 03 18
246 27 02 02 02 01 02 04 03 18
247 11 02 02 02 01 02 03 03 18
247 11 02 02 02 01 02 05 03 18
248 11 02 03 01 01 02 06 08 10
248 11 02 03 01 01 02 06 08 11
249 11 02 03 01 01 02 06 08 11
249 11 02 03 01 01 02 06 08 11
250 11 02 03 01 01 02 06 08 11
250 11 02 03 01 01 02 06 08 11
251 11 02 03 01 01 02 06 08 11
251 11 02 03 01 01 02 06 08 11
252 11 01 02 02 01 02 03 03 18
252 11 02 02 02 01 02 05 03 18
253 11 02 03 01 01 02 06 08 11
253 11 02 03 01 01 02 06 08 11
254 11 02 03 01 01 02 06 08 10
254 11 02 03 01 01 02 06 08 11
255 11 01 02 02 01 02 03 03 18
255 11 02 02 02 01 02 03 03 18
256 11 02 03 01 01 02 06 08 11
256 11 02 03 01 01 02 06 08 11
257 37 02 03 01 01 02 06 05 11
257 37 02 03 01 01 02 06 05 11
258 37 02 02 02 01 02 04 03 18
258 37 02 02 02 01 02 04 03 18
259 37 02 02 02 01 02 05 03 18
259 37 02 02 02 01 02 05 03 18
260 37 02 03 01 01 02 06 08 10
260 37 02 03 01 01 02 06 08 11
261 37 02 02 02 01 02 04 03 18
261 37 02 02 02 01 02 04 03 18
262 37 02 02 01 01 02 04 03 18
262 37 02 02 02 01 02 04 03 18
263 37 02 01 01 01 02 04 03 18
263 37 02 02 02 01 02 04 03 18
264 37 02 01 01 01 02 04 03 17
264 37 02 02 02 01 02 04 03 17
265 4 02 01 01 02 01 07 05 07
265 4 02 03 01 02 01 08 05 07
266 4 02 03 01 02 02 07 05 05
266 4 02 03 01 02 02 07 05 05
267 4 02 01 01 02 02 07 05 05
267 4 02 03 01 02 02 09 05 05
268 4 01 01 01 02 02 07 05 05
268 4 02 03 01 02 02 07 05 05
269 4 02 03 01 02 02 07 05 05
269 4 02 03 01 02 02 07 05 05
270 4 01 01 01 02 02 07 05 05
270 4 02 03 01 02 02 07 05 07
271 4 02 01 01 02 02 08 05 05
271 4 02 03 01 02 02 08 05 05
272 4 02 01 01 02 02 08 05 05
272 4 02 03 01 02 02 08 05 05
273 4 02 01 01 02 02 07 05 05
273 4 02 03 01 02 02 08 05 08
274 4 01 01 01 02 02 07 05 05
274 4 02 03 01 02 02 08 05 06
275 22 02 02 02 01 02 04 03 18
275 22 02 02 02 01 02 04 03 18
276 22 02 02 02 01 02 04 01 17
276 22 02 02 02 01 02 04 01 17
277 22 02 02 02 01 02 04 03 18
277 22 02 02 02 01 02 04 03 18
278 22 02 02 02 01 02 04 03 18
278 22 02 02 02 01 02 04 03 18
279 22 02 02 02 01 02 04 03 18
279 22 02 02 02 01 02 04 03 18
280 22 02 02 02 01 02 04 03 18
280 22 02 02 02 01 02 04 03 18
281 22 02 02 02 01 02 04 03 17
281 22 02 02 02 01 02 04 03 18
282 22 02 02 02 01 02 04 03 17
282 22 02 02 02 01 02 04 03 17
283 22 02 02 02 01 02 05 03 18
283 22 02 02 02 01 02 05 03 18
284 22 02 02 02 01 02 04 03 18
284 22 02 02 02 01 02 04 03 18
285 5 02 02 02 01 02 05 03 18
285 5 02 02 02 01 02 05 03 18
286 5 02 02 01 01 02 04 03 17
286 5 02 02 02 01 02 04 03 17
287 5 02 02 01 01 02 04 03 18
287 5 02 02 02 01 02 04 06 18
288 5 02 02 02 01 02 04 03 18
288 5 02 02 02 01 02 04 03 18
289 5 02 01 02 01 02 04 03 16
289 5 02 01 02 01 02 04 03 17
290 5 02 02 02 01 02 05 03 17
290 5 02 02 02 01 02 05 03 18
291 6 02 02 02 01 02 05 03 17
291 6 02 02 02 01 02 05 03 18
292 6 02 02 01 01 02 04 03 17
292 6 02 02 02 01 02 04 03 18
293 6 02 01 01 01 02 06 05 11
293 6 02 03 01 01 02 06 05 11
294 6 02 02 01 01 02 04 03 17
294 6 02 02 02 01 02 04 06 17
295 6 02 02 01 01 02 04 03 18
295 6 02 02 02 01 02 04 06 18
296 6 02 03 01 01 02 06 05 11
296 6 02 03 01 01 02 06 07 11
297 6 02 02 01 01 02 04 03 18
297 6 02 02 02 01 02 04 03 18
298 6 02 02 01 01 02 04 03 18
298 6 02 02 02 01 02 04 03 18
299 6 02 02 02 01 02 04 03 17
299 6 02 02 02 01 02 04 03 18
300 6 02 02 02 01 02 04 03 17
300 6 02 02 02 01 02 04 03 17
301 26 02 03 01 01 02 06 05 11
301 26 02 03 01 01 02 07 05 11
302 26 02 02 01 01 02 04 03 18
302 26 02 02 02 01 02 04 03 18
303 26 02 02 01 01 02 05 03 18
303 26 02 02 02 01 02 05 03 19
304 26 02 02 01 01 02 05 03 17
304 26 02 02 02 01 02 05 03 17
305 26 02 02 01 01 -9 05 03 18
305 26 02 02 02 01 -9 05 03 18
306 26 02 03 01 01 02 06 05 10
306 26 02 03 01 01 02 07 05 11
307 26 02 02 01 01 02 04 03 18
307 26 02 02 02 01 02 04 03 18
308 26 02 02 01 01 02 04 03 18
308 26 02 02 02 01 02 04 03 18
309 26 02 02 01 01 02 05 03 18
309 26 02 02 02 01 02 05 03 18
310 26 02 02 01 01 02 05 03 18
310 26 02 02 02 01 02 05 03 18
311 35 01 02 01 01 02 05 03 18
311 35 02 02 02 01 02 05 03 18
312 35 02 03 01 01 02 06 05 11
312 35 02 03 01 01 02 06 05 11
313 35 02 03 01 01 02 06 05 10
313 35 02 03 01 01 02 06 05 10
314 35 01 02 01 01 02 04 03 18
314 35 02 02 01 01 02 04 03 19
315 35 02 02 02 01 02 04 03 18
315 35 02 02 02 01 02 04 03 18
316 35 01 -9 -9 01 -9 -9 02 -9
316 35 02 -9 -9 02 -9 -9 02 -9
317 35 02 02 02 01 02 04 03 18
317 35 02 02 02 01 02 04 03 18
318 35 02 03 01 01 02 05 05 11
318 35 02 03 01 01 02 06 05 11
319 38 02 01 02 01 02 04 03 18
319 38 02 01 02 01 02 04 03 18
320 38 02 01 02 01 02 04 03 18
320 38 02 02 02 01 02 04 03 18
321 38 02 01 02 01 02 05 03 17
321 38 02 01 02 01 02 05 03 18
322 38 02 01 02 01 02 05 03 18
322 38 02 01 02 01 02 05 03 18
323 38 01 -9 -9 01 -9 -9 05 -9
323 38 02 -9 -9 02 -9 -9 05 -9
324 34 02 03 01 01 02 06 05 10
324 34 02 03 01 01 02 06 05 11
325 34 02 01 02 01 02 05 03 18
325 34 02 01 02 01 02 05 03 18
326 34 02 01 02 01 02 05 03 18
326 34 02 01 02 01 02 05 03 18
327 34 02 01 02 01 02 05 03 18
327 34 02 01 02 01 02 05 03 18
328 1 01 -9 01 -9 -9 -9 02 -9
328 1 02 -9 01 -9 -9 -9 02 -9
329 1 02 01 01 01 -9 -9 02 13
329 1 02 01 01 01 -9 -9 02 13
330 1 01 -9 01 01 -9 -9 09 -9
330 1 02 -9 01 02 -9 -9 09 -9
331 1 02 01 03 01 01 11 02 13
331 1 02 01 03 02 01 11 02 14
332 1 01 01 01 01 -9 08 04 12
332 1 02 01 01 02 -9 08 04 12
333 1 01 01 03 01 -9 -9 02 12
333 1 02 01 03 02 -9 -9 02 12
334 1 02 01 03 01 -9 -9 02 02
334 1 02 01 03 01 -9 -9 02 12
335 1 01 -9 01 -9 -9 -9 02 -9
335 1 02 -9 01 -9 -9 -9 09 -9
336 1 02 01 01 01 -9 -9 02 11
336 1 02 01 03 01 -9 -9 09 12
337 21 01 01 01 01 02 -9 02 12
337 21 02 03 01 02 02 -9 02 13
338 21 02 01 03 01 02 11 02 13
338 21 02 01 03 01 02 11 04 13
339 21 02 01 03 01 02 11 02 03
339 21 02 01 04 01 02 11 02 12
340 21 01 01 03 01 02 11 02 03
340 21 02 01 03 01 02 11 02 13
341 21 02 01 03 01 02 11 02 12
341 21 02 01 03 01 02 11 02 12
342 21 02 01 03 01 02 11 02 12
342 21 02 01 03 01 02 11 02 13
343 21 01 01 03 01 02 11 02 02
343 21 02 01 03 01 02 11 02 14
344 21 02 01 03 01 02 12 02 12
344 21 02 01 03 01 02 12 03 12
345 21 02 01 03 01 02 12 02 13
345 21 02 01 03 01 02 12 02 13
346 21 02 01 03 01 02 11 02 02
346 21 02 01 03 01 02 11 02 10
347 21 01 01 03 01 02 12 02 11
347 21 01 01 04 01 02 12 02 13
348 21 01 01 03 01 02 08 02 01
348 21 02 01 04 01 02 12 04 12
349 21 01 01 04 01 02 11 02 03
349 21 02 01 04 01 02 11 02 13
350 21 02 01 03 01 02 10 02 11
350 21 02 01 04 01 02 11 02 11
351 21 01 01 03 01 02 12 02 10
351 21 02 01 03 01 02 12 02 13
352 21 02 01 03 01 02 12 02 02
352 21 02 01 03 01 02 12 02 10
353 21 01 01 03 01 02 08 02 02
353 21 02 01 04 01 02 11 02 14
354 21 02 01 03 01 02 11 02 03
354 21 02 01 03 01 02 11 02 13
355 21 02 01 03 01 02 11 02 11
355 21 02 01 04 01 02 11 02 12
356 2 02 -9 01 01 -9 -9 02 09
356 2 02 -9 03 02 -9 -9 09 09
357 2 01 01 03 01 -9 -9 02 03
357 2 02 01 03 02 -9 -9 02 12
358 2 01 -9 -9 01 -9 -9 02 02
358 2 02 -9 -9 02 -9 -9 02 05
359 2 01 01 03 01 -9 -9 02 11
359 2 02 01 03 01 -9 -9 02 12
360 2 01 -9 03 01 -9 11 02 11
360 2 02 -9 03 02 -9 11 02 13
361 2 02 01 01 01 -9 -9 02 12
361 2 02 01 01 01 -9 -9 02 12
362 2 01 01 03 01 -9 -9 02 12
362 2 02 01 03 02 -9 -9 02 12
363 2 02 01 03 01 -9 -9 02 03
363 2 02 01 03 02 -9 -9 02 13
