1 2 0.8943879491
1 3 0.7944261805
1 4 1.333487555
1 5 1.292369396
1 6 1.126292209
1 7 1.092904892
1 8 1.446424267
1 9 1.552405142
1 10 1.478123181
1 11 1.333441626
1 12 1.266373142
1 13 1.406203476
1 14 1.75086157
1 15 1.383609858
1 16 1.266112942
1 17 1.192288759
2 3 0.7851302984
2 4 1.365984414
2 5 1.325037287
2 6 1.169682752
2 7 1.140006741
2 8 1.475258472
2 9 1.580510935
2 10 1.507478463
2 11 1.365144612
2 12 1.301729588
2 13 1.432901451
2 14 1.776451992
2 15 1.413880631
2 16 1.302872241
2 17 1.234775796
3 4 1.305734235
3 5 1.264739448
3 6 1.106775386
3 7 1.076281272
3 8 1.446300459
3 9 1.552043263
3 10 1.478158716
3 11 1.334223931
3 12 1.268231556
3 13 1.373545105
3 14 1.74965266
3 15 1.383941161
3 16 1.268456868
3 17 1.196444187
4 5 0.602957918
4 6 1.108075586
4 7 1.135629862
4 8 1.776496714
4 9 1.883934135
4 10 1.807045086
4 11 1.657481302
4 12 1.582010215
4 13 1.035643929
4 14 2.08718284
4 15 1.71066969
4 16 1.579391473
4 17 1.49475746
5 6 1.065285681
5 7 1.093297957
5 8 1.735209567
5 9 1.842651809
5 10 1.765753819
5 11 1.616173612
5 12 1.540675395
5 13 1.014534699
5 14 2.045917391
5 15 1.66937205
5 16 1.538047824
5 17 1.453376062
6 7 0.7641481467
6 8 1.560437612
6 9 1.668145316
6 10 1.590785322
6 11 1.440337752
6 12 1.363434266
6 13 1.220807296
6 14 1.872311501
6 15 1.494068106
6 16 1.360319594
6 17 1.273536947
7 8 1.526069834
7 9 1.63382859
7 10 1.556381727
7 11 1.405770089
7 12 1.328612701
7 13 1.241310011
7 14 1.838172257
7 15 1.45960044
7 16 1.325384775
7 17 1.238095677
8 9 0.8086474255
8 10 0.7105026511
8 11 0.9249474599
8 12 1.070370722
8 13 1.860544452
8 14 1.269834823
8 15 0.8049129429
8 16 1.141277442
8 17 1.232364971
9 10 0.8812473838
9 11 1.064698714
9 12 1.194198913
9 13 1.967733928
9 14 1.291411893
9 15 0.9699900847
9 16 1.26078504
9 17 1.346218739
10 11 0.9311137614
10 12 1.087857824
10 13 1.891281129
10 14 1.334150801
10 15 0.7964514893
10 16 1.162758457
10 17 1.25819106
11 12 0.8751474693
11 13 1.742534007
11 14 1.364455423
11 15 0.7769453898
11 16 0.9693524865
11 17 1.086955655
12 13 1.668413258
12 14 1.449958143
12 15 0.9694923738
12 16 0.773368587
12 17 0.9717041615
13 14 2.170151141
13 15 1.795220084
13 16 1.666208644
13 17 1.583343246
14 15 1.32222869
14 16 1.503715721
14 17 1.571054605
15 16 1.050476051
15 17 1.153586891
16 17 0.9423963362
